me_lp     ITN       0    OPTIMAL SOLN  NINF      0      OBJ   1.000000000000E+00
OBJ=c        RHS=b        RNG=         BND=bounds   M=   7032 N=  12655 SB=    0
00333003033000003333333300033033300333330030033333333333333303003000000000000300
00030000300030000030003300000030000330030300003333030033033033333003330000000000
00000333000303000033303333303300000033000000000030330030303300000300000003030333
33000030000000030030000033003000000000003300033003330330330000333300000030030000
30000000000330333000330330000003000300300300333000000000000000333303333330330030
33033000030003000033303000003303003030300030003030330000333033003003303033333330
03333003030033030303030333003303330303033030330300300003300303003300333300333030
30333000330330033330330303000303003300303330330030303030000330330333300303330330
30033033030303003030300003033030030333030030033033303030300033330333003030303003
00003030303030030030300330303303303003003030303003030033000000303303003330330300
33000000300003003333003000033300303333330300030333333333333333000003033033003330
30033030300003303300300300333330300300033300000303033300300333033030303303033003
33333330000003003333033303003030030033303303333000303030030333303000300330333030
33033300330003003333330303033003003300303033003030003003033300030330030303000030
30300033003003000000333030303000030303003333303003030330030030333303030033030333
30330300033303300033300300333030303030303000030303300333003030030300030303003333
30030000030300333330003333300303333333330330303003300003030300003000000030300330
03030003303330333330300030030303030000030303300300303330330330003000330030030300
30300300300300303033300303330030330033003033330330333333000003303033000303030303
03003000300330333303000003000330300030303333300300000000000330003030300303033303
03033033330333003000000330000330300303030030003030303030300330030333033033033330
00003333300030330330033330333303330333033300033333033303333300030003333000000330
00000303030030303033003333300300000333030030030033003000333030033000303003330030
33303033300330300003030330330003033030333300303030000330303300033000300003030303
03003030033303030303033303033033000033000030030003300033303303303030333330030033
33300300000333000033033033333330303330033030033003333000300330303303030330330303
33030333030303033003003003330003303003030000303330033330303033303033330333300000
33033330303000303300033030303030000303000000033330003030333030303003333333003303
30030333003333003003003030303003303303030303030303030303303303330330030030300033
03300330003330033303303003000330300000330033333033330300330330330303303030300303
03000303330303033300333333333303030303303000303000303030033303033030003303033030
33303333030033330300300030033030330303333030033030303030330030333030033303330303
03303033333033303030330000303033003030330303033333333033333000303303003333033033
03003030330003330030003033030303330033033030300030333033303003030330003330030303
00033003000330030030303303033030303003033003033003003000003303303330303303030033
30003000330033303303330330303330030303333333333300303030003303003030333330300303
33030003333333330033033033330030333303303033003333000330033030303030330033330333
33330330303303030333303330300033003030303330300030303300030333303333333330033003
33033303033003333030003303300030300033033003300300000303030330333030030303303330
30330030330030033000000300333333303030303000330030330300303033300033330333300003
30303003003303303330303033000330033300300330303030000333330333033303030003333033
30303033003303030003300003300030300330330330300333033030300030030003033033003303
03000030003333000033003333033033333003303033003000030303000330300030303333033033
30300003030303303033033330033333030033300300000300000303030330303303033033333333
33333333333333333333333333333333333333333333333333333333333333333333333333333333
33333333333333333333333333333333333333333333333333333333333333333333333333333333
33333333333333333333333333333333333333333333333333333333333333333333333333333333
33333333333333333333333333333333333333333333333333333333333333333333333333333333
33333333333333333333333333333333333333333333333333333333333333333333333333333333
33333333333333333333333333333333333333333333333333333333333333333333333333333333
33333333333333333333333333333333333333333333333333333333333333333333333333333333
33333333333333333333333333333333333333333333333333333333333333333333333333333333
33333333333333333333333333333333333333333333333333333333333333333333333333333333
33333333333333333333333333333333333333333333333333333333333333333333333333333333
33333333333333333333333333333333333333333333333333333333333333333333333333333333
33333333333333333333333333333333333333333333333333333333333333333333333333333333
33333333333333333333333333333333333333333333333333333333333333333333333333333333
33333333333333333333333333333333333333333333333333333333333330333333333333333333
33333333333333333333333333333333333333333333333333333333333333333333333333333333
33333333333333333333333333333333333333333333333333333333333333333333333333333333
33333333333333330333333333333333333333333333333333333333333333333333333333333333
33333333333333333333333333333333333333333333333333333333333333333333333333333333
33333333333333333333333333333333333333333333333333333333333333333333333333333333
33333333333333333333333333333333333333333333030333300333033333330030003303330000
00303333000333333330300330030303330300300003030333030300003033333303033333330303
33000333333330300330330033303330033033333333333333333333333333333333333333333333
33333333333333333333333333033333333333333333333333333333333333333333333333333333
33333333333333333333333333333333333333333333333333333333333333333333333333333333
33333333333333333333333333333333333333333333333333333333333333333333333333333333
33333333333333333333333333333333333333333333333333333333333333333333333333333333
33333333333333333333333333333333333333333333333333333333333333333333333333333333
33333333333333333333333333333333333333333333333333333333333333333333333333333333
33333333333333333333303333333333333333333333333333333333333333333333333333333333
33333333333333333333333333333333333333333333333333333333333333333333333333333333
33333333333333333333333333333333333333333333333333033333333333333333333333333333
33333333333333333333333333333333333333333333333333333333333333333333333333333333
33333333333333333333333333333333333333333333333333333333333333333303333333333333
33333333333303333333333333333333333333333333333333333333333333333333333333333333
33333333333333333333333333333333333333333333333333333333333333333333333333333333
33333333333333333333333333333333333333333333333333333333333333333333333333333333
33333330033333333333333333333333333333333333333333333333333333333333333333333333
33333333333333333333333333333333333333333333333333333333333333333333333333333333
33333333333333333333333333333333333333333333333333333333333333333333333333333333
33333333333333333333333333333333033333330333000000030300000000333300000003000000
03000000030000000330000000333330000000333333333333330003000333333330003033000003
00000003030000003000000000003000330000003033333333300000003000000033000000030033
00000000303300000003000000303030003333300330000000300030000030003000300030003000
30003033000000003003000000003333030300000030000000303000000033030000000333000000
03033330000000330003030000330303030303030033303300030003300000000003030300300000
00033003003000000003003033300030303333030003000303333003003003000333303000000030
33033303033000000003003003000000003000300300000003000300000003000300030033003300
30330000000033300000000000333303333033033300030003003000000300000003330030333333
33330000000033300003333330000000303000000000333003300003000000303303000000000300
03300000000300000003300000033000000300000003300000003303030003330000000003300300
33030000000333030000000033000000000300000000030030333330030000000003000300000003
00000003333333330000000030300000003333033300000003003300000003000030000030003000
30003000300030003303000000003000000000000003003000000030000030000000333330003330
03330030030303000000000003003333000000030003300000000030303003330003000000333000
00003330000000030300000030033000000030303003300000000030030003330003000000003300
00330000000003030303330033303000000300000003303330000000333333303333000000003000
00000303030300000300030300303300000003300000000333030000000033033333300033333303
30300303333000003003303000000330000000300003330003303000000300300000033030300000
00000003000303003330000000303300000003000000030330003030033003303033333330300030
00300030003000300030030003330303000300000003300000000300000003000303300000003300
33000303000000000003030003300330000000303003000003000033000333000333330000300000
03330303000303000300000000000333000003333300033300330000330300000300300000000003
03003333000000003300000003330000000003000000003000003300030000000000000300033300
00000000303330000000300000000003000330000000330000000330000000333003033000000033
00000003000000033330000003030300000030003000000003003333030000000303000000300030
00000033000000033000000003033300000003300000000000030330303030303330330003000030
00000000003300300300000003333300000000003300000000030303000000003303300000000030
00303000003300003330000000030000000030303030000000330000000033000000003003000000
00000003000000030030000000300300000000003000000300300000003333030000003030033033
30303030303300000000330000000030330030000003330303000000030030300303303000000000
00000000000300000300030000000000000000303000300030003000300030003003000033033000
00000300033330333333333030033000000033003030000003330330300000003330300003000300
00030003333030000003000030000030000000030000300003000030000300330000000303300300
30300000003003000000003030000000300300000000033000003330303303000000033300333300
00030000000300000003000003000030003333000000300003000000300003000030300003000000
00300003030000330000000333333330000003033333333333333333333330330000333303333333
33000000000000003030030300000003030000000003330000003003030333333333330003000000
03303300000000033000000033300000003030300033000030003000300030003000300030000030
00300000030330000000000000303033300000000300000000000000000000000000000000003000
00000003303000000330000000330000000030300000000330300000003003003003030000003000
00300000300000300000000333300000003003030300000030030000003330300300000033300330
30030000033000000030303333030000000303000000030303000030000003003000030000000000
30000000300000003000000030000000300000030000000300000003000000300000000030000030
00000300000000000003330000000003330003300000000003003000000030303000300000003000
00303303030303030303003000030003003000300300000330300033000000000000000300003333
33333330000003003000000030000030033300000003033333033030330300300000003000000303
03303030000000033000000033003003030333330303300330033333333300000000333303330003
00300030303303300003000300000000303030303030303030303030303033330333330000000030
03000000030300030000000333333333303330330333333303033333330000300033333300000000
03000003300000003030000003033300033300000000333303303300000000300000000033333330
30330000000030000000003000330000003003333333333000000033000330003000330330000330
00000030030003003000030003303330000000330033000000030003000000030000033033000000
00300000030030333303030000003330303000003300033003030000000333000000030300033000
33033003030000003303333300000030333003000000030003000000003333303000000000300003
33000000000000003000000000300300000030300000033300330000000000000000033300003000
00030000003030000000033000000303000000000300000030300300000033330000000000000000
33300330300033300030000000330000000000000303000000300030003000000000003000030000
00000030303000000300000003033333033033003300000000030300030000300000000000000300
00003300000030000000000303000000033303000000003000030000030000003303033000000000
33333330303300303000000033030300000003030000000303000000030303333333300300000003
00333033033000300000033000000003000003000303003000300300000000033003000000003030
00000300303000000030300030300000000303000000000300300000000003003033303030000303
00030303033330330330330330330000333333000303003330300330003330030303303330033303
30030300003333333033003033033303333000033303033000330030300300303000000330330333
03000000000303030330330300333303003303300300303003303333300333000000003000300003
00030330300003033333003000000003333333333333003003333333333333330333303333333333
33333333333333333333333333333333333333333333333333333333333333333333333333333333
33333303333333330303333330333333333333333333333333333333333333333333030333333330
30303333333333333333333033333333333333333333333333333333030333333333333333333333
33333333033333333333333333333333333333333303333333303333333033030333333333333333
33333333333333333333333333333333333333333333333333333333333333333333333333333330
30333333333333333333330333333333333333333333333333333333330300000000000003000000
00000003000000000000030000000000000300000000000003000000000000030000000000000303
03000000000300000000000003000000000000030000000000000300000000000003000000000000
03000000000000000000000000000000000000000000000000000000000000000000000000000000
00000000000000000000000000000000000000000030000000000000000000000000000000000000
00000000000000000000000000000000000000000000000000000000000000000000000000000000
00000000000000000000000000000000000000000000000000030000000300000000000000000000
00000000000000000000000000000000000000000000000000000000000000000000000000000000
00000003000000000000000000000000000000000000000000000000000000000000000000000000
00000000000000000000000000000000000000000000000000000000000000000000000000000000
00000000000000000000000000000000000000000000000000000000000000000000000000300000
00000000000000000000000000000000000000000000000000000000030000000000000000000000
00000000000000000000000000030000000000000000000000000000000000000000000000000000
00000000000000000000000000000000000000000000000300000000030000300030000300000000
00000000000000000000000000000000000000000000000000000000000000000000000000000000
00000000000000000000000000000000000000000000000000000000000000000000000000000000
00000000000000000000000000000000000000000000000000000000000000000000000000000000
00000000000000000000000000000000000000000000000000000000000000000000000000000000
00000000000000000000000000000000000000000000000000000000000000000000000000000000
00000000000000000000000000000000000000000000000000000000000000000000000030000000
00003000000000000000000003000000000000000000000000000000000000000000000333003000
00000000000000000000000000000000000000000000000030000000000000000000000000000000
00000000000000000000000000000000000000000000000000000000000000000000000000000000
00000000000000000000000000000000003000000000300000000000000000000000000000000000
00000000000000000000000000000000000000000000000000000000000000000000000000000000
00000000000000000000000000000000000000000000000000000000000000000000000000000000
00000000000000000000000000000000000000000000000000000000000000000000000000000000
00000000000000000000000000000000000000000000000000000000000000000000000000000000
00000000000000000000000000000000000000000000000000000000000000000000000000000000
00000000000000000000000000000000000000000000000000000000000000000000000000000000
00000000000000000000000000000000000000000000000000000000000000000000000000000000
00000000000000000000000000000000000000000000000000000000000000000000000000000000
00000000000000000000000000000000000000000000000000000000000000000000000000000000
00000000000000000000000000000000000000000000000000000000000000000000000000000000
00000000000000000000000000000000000000000000000000000000000000000000000000000000
00000000000000000000000000000000000000000000000000000000000000000000000000000000
00000000000000000000000000000000000000000000000000000000000000000000000000000000
00000000000000000000000000000000000000000000000000000000000000000000000000000000
00000000000000000000000000000000000000000000000000000000000000000000000000000000
00000000000000000000000000000000000000000000000000000000000000000000000000000000
00000000000000000000000000000000000000000000000000000000000000000000000000000000
00000000000000000000000000000000000000000000000000000000000000000000000000000000
00000000000000000000000000000000000000000000000000000000000000000000000000000000
00000000000000000000000000000000000000000000000000000000000000000000000000000000
00000000000000000000000000000000000000000000000000000000000000000000000000000000
00000000000000000000000000000000000000000000000000000000000000000000000000000000
00000000000000000000000000000000000000000000000000000000000000000000000000000000
00000000000000000000000000000000000000000000000000000000000000000000000000000000
00000000000000000000000000000000000000000000000000000000000000000000000000000000
00000000000000000000000000000000000000000000000000000000000000000000000000000000
00000000000000000000000000000000000000000000000000000000000000000000000000000000
00000000000000000000000000000000000000000000000000000000000000000000000000000000
00000000000000000000000000000000000000000000000000000000000000000000000000000000
00000000000000000000000000000000000000000000000000000000000000000000000000000000
00000000000000000000000000000000000000000000000000000000000000000000000000000000
00000000000000000000000000000000000000000000000000000000000000000000000000000000
00000000000000000000000000000000000000000000000000000000000000000000000000000000
00000000000000000000000000000000000000000000000000000000000000000000000000000000
00000000000000000000000000000000000000000000000000000000000000000000000000000000
00000000000000000000000000000000000000000000000000000000000000000000000000000000
00000000000000000000000000000000000000000000000000000000000000000000000000000000
00000000000000000000000000000000000000000000000000000000000000000000000000000000
00000000000000000000000000000000000000000000000000000000000000000000000000000000
00000000000000000000000000000000000000000000000000000000000000000000000000000000
00000000000000000000000000000000000000000000000000000000000000000000000000000000
00000000000000000000000000000000000000000000000000000000000000000000000000000000
00000000000000000000000000000000000000000000000000000000000000000000000000000000
00000000000000000000000000000000000000000000000000000000000000000000000000000000
00000000000000000000000000000000000000000000000000000000000000000000000000000000
00000000000000000000000000000000000000000000000000000000000000000000000000000000
00000000000000000000000000000000000000000000000000000000000000000000000000000000
00000000000000000000000000000000000000000000000000000000000000000000000000000000
00000000000000000000000000000000000000000000000000000000000000000000000000000000
00000000000000000000000000000000000000000000000000000000000000000000000000000000
00000000000000000000000000000000000000000000000000000000000000000000000000000000
00000000000000000000000000000000000000000000000000000000000000000000000000000000
00000000000000000000000000000000000000000000000000000000000000000000000000000000
00000000000000000000000000000000000000000000000000000000000000000000000000000000
00000000000000000000000000000000000000000000000000000000000000000000000000000000
00000000000000000000000000000000000000000000000000000000000000000000000000000000
00000000000000000000000000000000000000000000000000000000000000000000000000000000
00000000000000000000000000000000000000000000000000000000000000000000000000000000
00000000000000000000000000000000000000000000000000000000000000000000000000000000
00000000000000000000000000000000000000000000000000000000000000000000000000000000
00000000000000000000000000000000000000000000000000000000000000000000000000000000
00000000000000000000000000000000000000000000000000000000000000000000000000000000
00000000000000000000000000000000000000000000000000000000000000000000000000000000
00000000000000000000000000000000000000000000000000000000000000000000000000000000
00000000000000000000000000000000000000000000000000000000000000000000000000000000
00000000000000000000000000000000000000000000000000000000000000000000000000000000
00000000000000000000000000000000000000000000000000000000000000000000000000000000
0000003
       0
